495 0
15 162
15 80
15 52
15 38
15 29
15 23
15 19
15 16
15 13
15 10
15 8
15 6
15 4
15 3
15 1
15 0
15 -2
15 -4
15 -5
15 -7
15 -9
15 -11
15 -14
15 -16
15 -20
15 -24
15 -30
15 -39
15 -53
15 -81
15 -163
496 0
15 162
15 80
15 52
15 38
15 29
15 23
15 19
15 16
15 13
15 10
15 8
15 6
15 4
15 3
15 1
15 0
15 -2
15 -4
15 -5
15 -7
15 -9
15 -11
15 -14
15 -16
15 -20
15 -24
15 -30
15 -39
15 -53
15 -81
15 -163
497 0
15 162
15 80
15 52
15 38
15 29
15 23
15 19
15 16
15 13
15 10
15 8
15 6
15 4
15 3
15 1
15 0
15 -2
15 -4
15 -5
15 -7
15 -9
15 -11
15 -14
15 -16
15 -20
15 -24
15 -30
15 -39
15 -53
15 -81
15 -163
498 0
15 162
15 80
15 52
15 38
15 29
15 23
15 19
15 16
15 13
15 10
15 8
15 6
15 4
15 3
15 1
15 0
15 -2
15 -4
15 -5
15 -7
15 -9
15 -11
15 -14
15 -16
15 -20
15 -24
15 -30
15 -39
15 -53
15 -81
15 -163
499 0
15 162
15 80
15 52
15 38
15 29
15 23
15 19
15 16
15 13
15 10
15 8
15 6
15 4
15 3
15 1
15 0
15 -2
15 -4
15 -5
15 -7
15 -9
15 -11
15 -14
15 -16
15 -20
15 -24
15 -30
15 -39
15 -53
15 -81
15 -163
500 0
15 162
15 80
15 52
15 38
15 29
15 23
15 19
15 16
15 13
15 10
15 8
15 6
15 4
15 3
15 1
15 0
15 -2
15 -4
15 -5
15 -7
15 -9
15 -11
15 -14
15 -16
15 -20
15 -24
15 -30
15 -39
15 -53
15 -81
15 -163
501 0
15 162
15 80
15 52
15 38
15 29
15 23
15 19
15 16
15 13
15 10
15 8
15 6
15 4
15 3
15 1
15 0
15 -2
15 -4
15 -5
15 -7
15 -9
15 -11
15 -14
15 -16
15 -20
15 -24
15 -30
15 -39
15 -53
15 -81
15 -163
502 0
15 162
15 80
15 52
15 38
15 29
15 23
15 19
15 16
15 13
15 10
15 8
15 6
15 4
15 3
15 1
15 0
15 -2
15 -4
15 -5
15 -7
15 -9
15 -11
15 -14
15 -16
15 -20
15 -24
15 -30
15 -39
15 -53
15 -81
15 -163
503 0
15 162
15 80
15 52
15 38
15 29
15 23
15 19
15 16
15 13
15 10
15 8
15 6
15 4
15 3
15 1
15 0
15 -2
15 -4
15 -5
15 -7
15 -9
15 -11
15 -14
15 -16
15 -20
15 -24
15 -30
15 -39
15 -53
15 -81
15 -163
504 0
15 162
15 80
15 52
15 38
15 29
15 23
15 19
15 16
15 13
15 10
15 8
15 6
15 4
15 3
15 1
15 0
15 -2
15 -4
15 -5
15 -7
15 -9
15 -11
15 -14
15 -16
15 -20
15 -24
15 -30
15 -39
15 -53
15 -81
15 -163
505 0
15 162
15 80
15 52
15 38
15 29
15 23
15 19
15 16
15 13
15 10
15 8
15 6
15 4
15 3
15 1
15 0
15 -2
15 -4
15 -5
15 -7
15 -9
15 -11
15 -14
15 -16
15 -20
15 -24
15 -30
15 -39
15 -53
15 -81
15 -163
506 0
15 162
15 80
15 52
15 38
15 29
15 23
15 19
15 16
15 13
15 10
15 8
15 6
15 4
15 3
15 1
15 0
15 -2
15 -4
15 -5
15 -7
15 -9
15 -11
15 -14
15 -16
15 -20
15 -24
15 -30
15 -39
15 -53
15 -81
15 -163
507 0
15 162
15 80
15 52
15 38
15 29
15 23
15 19
15 16
15 13
15 10
15 8
15 6
15 4
15 3
15 1
15 0
15 -2
15 -4
15 -5
15 -7
15 -9
15 -11
15 -14
15 -16
15 -20
15 -24
15 -30
15 -39
15 -53
15 -81
15 -163
508 0
15 162
15 80
15 52
15 38
15 29
15 23
15 19
15 16
15 13
15 10
15 8
15 6
15 4
15 3
15 1
15 0
15 -2
15 -4
15 -5
15 -7
15 -9
15 -11
15 -14
15 -16
15 -20
15 -24
15 -30
15 -39
15 -53
15 -81
15 -163
509 0
15 162
15 80
15 52
15 38
15 29
15 23
15 19
15 16
15 13
15 10
15 8
15 6
15 4
15 3
15 1
15 0
15 -2
15 -4
15 -5
15 -7
15 -9
15 -11
15 -14
15 -16
15 -20
15 -24
15 -30
15 -39
15 -53
15 -81
15 -163
510 0
15 162
15 80
15 52
15 38
15 29
15 23
15 19
15 16
15 13
15 10
15 8
15 6
15 4
15 3
15 1
15 0
15 -2
15 -4
15 -5
15 -7
15 -9
15 -11
15 -14
15 -16
15 -20
15 -24
15 -30
15 -39
15 -53
15 -81
15 -163
511 0
15 162
15 80
15 52
15 38
15 29
15 23
15 19
15 16
15 13
15 10
15 8
15 6
15 4
15 3
15 1
15 0
15 -2
15 -4
15 -5
15 -7
15 -9
15 -11
15 -14
15 -16
15 -20
15 -24
15 -30
15 -39
15 -53
15 -81
15 -163
512 0
15 162
15 80
15 52
15 38
15 29
15 23
15 19
15 16
15 13
15 10
15 8
15 6
15 4
15 3
15 1
15 0
15 -2
15 -4
15 -5
15 -7
15 -9
15 -11
15 -14
15 -16
15 -20
15 -24
15 -30
15 -39
15 -53
15 -81
15 -163
513 0
15 162
15 80
15 52
15 38
15 29
15 23
15 19
15 16
15 13
15 10
15 8
15 6
15 4
15 3
15 1
15 0
15 -2
15 -4
15 -5
15 -7
15 -9
15 -11
15 -14
15 -16
15 -20
15 -24
15 -30
15 -39
15 -53
15 -81
15 -163
514 0
15 162
15 80
15 52
15 38
15 29
15 23
15 19
15 16
15 13
15 10
15 8
15 6
15 4
15 3
15 1
15 0
15 -2
15 -4
15 -5
15 -7
15 -9
15 -11
15 -14
15 -16
15 -20
15 -24
15 -30
15 -39
15 -53
15 -81
15 -163
515 0
15 162
15 80
15 52
15 38
15 29
15 23
15 19
15 16
15 13
15 10
15 8
15 6
15 4
15 3
15 1
15 0
15 -2
15 -4
15 -5
15 -7
15 -9
15 -11
15 -14
15 -16
15 -20
15 -24
15 -30
15 -39
15 -53
15 -81
15 -163
516 0
15 162
15 80
15 52
15 38
15 29
15 23
15 19
15 16
15 13
15 10
15 8
15 6
15 4
15 3
15 1
15 0
15 -2
15 -4
15 -5
15 -7
15 -9
15 -11
15 -14
15 -16
15 -20
15 -24
15 -30
15 -39
15 -53
15 -81
15 -163
517 0
15 162
15 80
15 52
15 38
15 29
15 23
15 19
15 16
15 13
15 10
15 8
15 6
15 4
15 3
15 1
15 0
15 -2
15 -4
15 -5
15 -7
15 -9
15 -11
15 -14
15 -16
15 -20
15 -24
15 -30
15 -39
15 -53
15 -81
15 -163
518 0
15 162
15 80
15 52
15 38
15 29
15 23
15 19
15 16
15 13
15 10
15 8
15 6
15 4
15 3
15 1
15 0
15 -2
15 -4
15 -5
15 -7
15 -9
15 -11
15 -14
15 -16
15 -20
15 -24
15 -30
15 -39
15 -53
15 -81
15 -163
519 0
15 162
15 80
15 52
15 38
15 29
15 23
15 19
15 16
15 13
15 10
15 8
15 6
15 4
15 3
15 1
15 0
15 -2
15 -4
15 -5
15 -7
15 -9
15 -11
15 -14
15 -16
15 -20
15 -24
15 -30
15 -39
15 -53
15 -81
15 -163
520 0
15 162
15 80
15 52
15 38
15 29
15 23
15 19
15 16
15 13
15 10
15 8
15 6
15 4
15 3
15 1
15 0
15 -2
15 -4
15 -5
15 -7
15 -9
15 -11
15 -14
15 -16
15 -20
15 -24
15 -30
15 -39
15 -53
15 -81
15 -163
521 0
15 162
15 80
15 52
15 38
15 29
15 23
15 19
15 16
15 13
15 10
15 8
15 6
15 4
15 3
15 1
15 0
15 -2
15 -4
15 -5
15 -7
15 -9
15 -11
15 -14
15 -16
15 -20
15 -24
15 -30
15 -39
15 -53
15 -81
15 -163
522 0
15 162
15 80
15 52
15 38
15 29
15 23
15 19
15 16
15 13
15 10
15 8
15 6
15 4
15 3
15 1
15 0
15 -2
15 -4
15 -5
15 -7
15 -9
15 -11
15 -14
15 -16
15 -20
15 -24
15 -30
15 -39
15 -53
15 -81
15 -163
523 0
15 162
15 80
15 52
15 38
15 29
15 23
15 19
15 16
15 13
15 10
15 8
15 6
15 4
15 3
15 1
15 0
15 -2
15 -4
15 -5
15 -7
15 -9
15 -11
15 -14
15 -16
15 -20
15 -24
15 -30
15 -39
15 -53
15 -81
15 -163
524 0
15 162
15 80
15 52
15 38
15 29
15 23
15 19
15 16
15 13
15 10
15 8
15 6
15 4
15 3
15 1
15 0
15 -2
15 -4
15 -5
15 -7
15 -9
15 -11
15 -14
15 -16
15 -20
15 -24
15 -30
15 -39
15 -53
15 -81
15 -163
525 0
15 162
15 80
15 52
15 38
15 29
15 23
15 19
15 16
15 13
15 10
15 8
15 6
15 4
15 3
15 1
15 0
15 -2
15 -4
15 -5
15 -7
15 -9
15 -11
15 -14
15 -16
15 -20
15 -24
15 -30
15 -39
15 -53
15 -81
15 -163
63 0
63 -7
61 -13
58 -18
54 -23
49 -27
44 -30
38 -32
31 -32
25 -32
19 -30
14 -27
9 -23
5 -18
2 -13
0 -7
-1 0
0 6
2 12
5 17
9 22
14 26
19 29
25 31
31 31
38 31
44 29
49 26
54 22
58 17
61 12
63 6
