6358 3861
294 -7780
1130 -9266
4093 4748
1474 -2003
4434 -5898
4301 8535
-9423 391
9091 -2949
-9494 7362
2247 7332
-9231 956
-5319 2159
-7140 2418
-3631 -727
5716 -7919
-8625 -4697
-2207 4201
4502 -2351
-3405 9685
-8539 108
7820 471
5742 190
7228 -3858
-5099 -8918
1021 584
1416 -9929
6510 -3560
8644 7298
-9402 -7315
-880 -5701
-5914 3572
1627 -3950
-7750 1766
5585 -5108
9385 1874
-4740 2107
2627 6716
-6415 -7985
-1010 -2264
895 -5179
3049 -7063
-5413 -7608
9928 4818
9649 817
-640 -2010
-993 -2167
1860 2686
-9248 7183
-5689 5033
5607 4009
-2523 9442
-9252 -2621
8999 2064
-8397 2127
-5675 5235
9913 -5706
-3280 -5737
7790 -3418
86 6256
7935 -9974
-1916 -3946
-6354 439
2551 -5156
7129 -5161
-9993 -8444
-9249 -9751
4323 2069
-6489 -4312
6813 -2922
-532 225
-8762 -5766
-2239 6353
3746 7909
9628 242
4005 9697
6860 8491
-9701 1895
-7844 2617
-536 2886
4450 -1241
2579 -3931
8045 -1022
6245 -6245
-6582 -6622
1184 -1365
7027 -8084
-1043 -7801
-3552 2571
6176 515
-6138 4443
-9274 -7774
-453 5573
-5727 -1338
6297 5390
-7664 2324
4197 -9084
9255 4363
-722 -5806
-4350 8876
-9472 7959
-3657 -4362
-561 4937
5018 -4945
-4523 4178
3050 -4613
-3362 5003
-8609 507
8974 -894
-6380 -3020
4862 8818
-3573 -713
-9169 5949
8347 -9844
-1701 9343
4726 6012
8591 36
1227 8934
-8604 -172
-3040 -9452
-5485 4306
13 -5350
-6793 -4984
2674 2244
1743 637
4369 1479
4406 6944
-4215 -4775
5990 1141
3871 -2931
-156 -9113
-3709 -2159
5041 3734
1711 -640
3190 6819
-9672 2884
-5268 -6448
-2952 -3314
-4693 6405
1062 6857
9803 -1490
1658 9989
-6171 -1121
4727 -4547
5319 5790
-4667 350
7767 -203
1038 -2962
6924 -7535
5037 6113
-4563 -9092
-1558 4580
-2132 5759
2672 3912
-2848 -7842
2001 -914
9762 2269
9232 -4619
6828 -1207
5511 -8619
6839 -9185
6249 -771
7623 -1603
6246 -3511
-8613 8433
4163 -823
-556 -3722
-8246 8147
7822 567
6986 -7662
-9445 4751
-764 2422
-3406 4824
490 8064
5496 -1320
-2937 2065
-5534 7679
953 8682
-4236 4071
3084 -814
7492 9932
8650 -8139
-538 -6433
7484 -1013
-1308 -8963
9431 -8858
5908 -3585
1580 -6199
521 3040
3662 3403
-4335 2184
-4083 -4993
-9375 3848
-7558 2420
5720 1953
9254 -4516
-4140 -5059
-2864 -113
-727 7067
4912 1459
-525 8912
1898 7915
-6928 8658
6067 7897
-2038 6682
3959 3431
-3479 -4170
707 4607
-9627 5871
5651 4772
-2295 1319
-533 -4255
-9060 -152
2281 -1206
-2 9742
-4284 -9593
-3514 411
-7796 -1410
-8245 -5649
-7061 -5687
-7186 6554
-5654 -4079
2230 4298
-3688 6287
620 3454
-8791 -8476
1020 -1269
5284 -4946
7171 -8416
1601 9177
5254 -9044
5506 9084
8182 -1701
1615 -5491
-4577 725
9657 3800
-4305 -809
-517 -7735
574 4991
-7423 4034
3866 -9784
4595 9363
9665 -150
-6456 8044
3082 -5567
-1869 1158
-2667 3595
7520 -6044
-5690 -9570
548 -3300
-4542 8290
3599 6435
-7979 -5586
8018 -9073
1565 6932
3578 3172
-6598 1054
-7443 -8241
-8013 -3133
1409 -3940
9236 8851
-1880 -804
-2313 4597
-6646 -3159
-8188 -8642
-3367 -5846
5029 -540
1733 3752
-8867 718
-2122 -9241
-1701 9821
7420 -1331
-2001 -3961
428 -1830
-8344 5086
1054 -5724
9205 -6349
4070 20
-5566 5772
-2463 5356
-2626 6334
-5108 -7617
3933 5925
2202 8166
-6199 7942
-1311 5717
-4257 9189
-9291 -4987
6547 7726
4733 -5714
-1619 4834
2555 -9737
-3617 -8693
-1049 -7400
-6460 1561
-9678 8635
-1138 5040
9303 -7513
2353 2601
-4135 -1692
-1139 -812
-7329 -764
-6653 -7747
-5069 -4171
-8466 8303
6239 -3769
5594 -3938
-9587 -5809
5248 8695
8034 4116
-4408 4170
986 -2943
7591 -2449
3472 -429
-7789 9602
-5081 -3511
2429 -6985
-6462 -6430
7432 7997
-181 7015
-7584 3320
-271 -7789
-4964 -16
-3543 -2188
-1920 8121
271 2400
4028 8346
4984 1875
6998 -3261
2178 -9353
-3592 8048
8213 5396
-721 5426
3565 -7811
4857 8767
-1837 -1967
9298 5996
7220 -8543
-404 2015
-3807 2593
-1304 -6386
-886 -8638
4613 -5172
491 -4856
-5116 5593
7983 884
1294 -9745
8452 -136
-9560 8564
-9747 9757
-388 -7732
1984 -1839
-6022 9287
-4087 -2067
1143 2597
9784 5143
5069 5722
-9321 -3331
4972 -3817
-8771 -2953
3254 -9862
-10 -6401
7883 3619
-9479 -9172
9612 -8310
7764 2439
8561 -35
-5521 7641
-5198 6446
-9907 -3576
2482 6417
-4105 1174
-9424 3550
130 194
-2174 -4399
2680 2900
-4994 4626
-9152 7791
-6001 -9222
2535 -8814
-3875 6751
-8250 7446
-8853 -7124
6468 -2835
7860 -5500
1909 -4215
-2189 7827
7626 -2097
9906 8692
-9252 982
413 -5705
-6301 2284
3939 -8867
41 -6204
6142 -1897
-9228 7348
-3100 -6444
-251 5777
4687 2281
-5035 -5270
-2970 8312
5693 2628
-6715 4467
-8997 6018
3826 5039
-2784 4216
9625 7839
7711 -9111
8895 -419
-4706 -3946
7363 7439
6278 7305
2684 1473
4597 4878
-5570 -3472
-6111 -7782
-5404 1076
9068 731
1876 4028
-2360 1302
-5969 -7339
7933 -9940
3373 7046
6219 151
-3734 -1213
9840 -8122
-1714 1023
9268 3270
8844 4566
-4993 -6045
7221 -4247
8925 7748
-3808 7607
6155 4154
-8465 -6601
-5241 -274
-2998 6217
8527 6849
-6472 -1571
4736 -1633
-6502 -8722
-5760 -6108
6939 3780
-612 5611
-7174 7206
4379 2270
3913 4051
486 3040
1358 2619
-678 4840
-5663 7012
-1141 9084
8182 -396
6324 -9023
-4386 8275
-4170 4704
-8781 -6544
-5306 -7939
55 -8299
6033 -4592
-1319 3327
6717 -974
4647 7417
5463 4837
485 -3416
-8604 2662
-7651 -6599
5291 -992
9627 277
6428 6671
2800 -8834
-1153 -7578
2697 8490
5231 5488
-5192 8222
-6429 -5364
-5638 1603
-9847 -8796
-261 7157
8678 4468
-165 4734
-6996 -5632
-8459 -4103
-607 -2386
701 4371
-1799 6365
9391 8910
2588 3536
-5399 -6743
4588 6860
8954 1868
-1829 -2637
7101 -3092
-7472 -757
2014 2985
8188 1646
3432 4315
-3663 -3166
-9310 1789
-5179 -1545
5776 -2401
1439 7781
1332 8041
-1167 -3552
-5396 595
-1693 7550
-5557 -6505
-3357 -131
650 -6087
3662 -1975
-2024 -1307
8213 7264
8456 2760
-9013 -4772
9902 -5792
8511 2669
-4977 -517
-7344 3878
-4769 -1024
-6148 -631
106 -7710
-6286 -6459
8077 -2542
-4092 6369
8014 5852
9141 -7425
-6450 5802
1054 -3411
-9663 -498
3334 7680
-6616 2880
9290 -1673
-5748 2377
-5716 6564
-4471 8371
-3370 9407
3427 3698
-7509 -4945
6042 -4204
6907 414
3020 -5366
-9956 -6269
-2538 -7329
4055 -3665
-5402 2671
2714 5221
-2739 5197
1553 -9008
8317 -9663
8913 -2466
6635 3776
6535 7678
-7383 1774
1465 -6032
-3828 6555
9961 -6102
6566 1284
-9011 2045
1158 -8354
1821 -4190
8137 -2261
8307 -9453
5267 9490
6652 7624
-6987 5858
3812 3122
4959 -6276
115 2059
8756 -6913
7531 4347
192 7497
5036 -6770
6723 -9237
-3739 4911
-2879 -6598
-1151 5461
-7442 556
-7170 -7098
-326 -5720
-5970 1993
3446 9074
-7268 -8952
5433 4950
-7372 -953
443 5002
-6394 4498
-8082 -9571
5554 5256
4734 -3928
4524 -4715
-7453 6225
6039 -9679
-7896 559
-8331 7746
-3836 -3792
-8705 -5608
-112 -8242
749 -3657
2685 5391
8614 -6676
-3143 1677
4278 -5539
6869 327
2253 -3350
-5197 6577
-7653 5056
-6762 8626
-5614 5888
-3083 9434
6625 -2250
7978 6232
5158 1145
-971 1608
1620 -4913
-6706 5843
-3181 -7543
-8853 2303
4638 1123
-6323 3156
-1644 2172
-2716 -9034
-3437 4655
230 -6677
3133 -1610
3816 -9003
-190 -9924
-8798 -8948
2390 -4877
-979 8479
1146 -6135
1555 -4547
7876 -7380
-4679 8134
-6939 8767
-3771 -799
-3706 7433
4637 -3515
-8451 1141
9692 4809
-1345 -6625
-8719 -8246
-1064 3456
2142 3801
-91 819
-7623 161
2727 1754
8948 1456
4731 2194
1461 5928
4959 6477
1930 8238
-3436 -6911
-8011 -7782
-9741 -9778
4174 -2900
7325 -2300
4181 -2107
7288 710
3697 -9297
9060 -322
1906 9670
-98 -1266
7662 -6827
2702 3639
-5657 -4808
-6587 -5173
-4974 7260
-6525 2515
8936 -1201
-4036 3829
-6742 -7333
-7871 -5885
1597 -3607
-6017 9806
1457 6105
-8092 8020
-8715 1714
-9096 615
2509 -6806
-6761 9083
4193 -8890
-8948 -4349
-3607 682
7582 -8791
-6909 -8204
4023 -4006
-2267 -9409
5036 -8817
-24 -4030
-2316 9633
1862 -1024
4574 -1744
-7864 -2830
-2122 9364
8190 457
4435 7665
-1902 9939
-7499 -7225
1125 737
3346 4893
-726 2639
1838 7552
8675 -648
-4800 9343
-3397 4781
-6745 2237
1154 -9423
-8406 6611
-8380 5689
1440 3613
4000 -3930
-8926 8386
3149 6525
3680 -2417
-6649 7364
-7792 158
8386 -8166
-6446 6220
-8304 5373
-4947 -3829
-5348 -919
9943 5631
4508 9953
9987 3698
1399 -7378
8819 5618
-638 -6844
-2674 -6527
4336 -3281
1032 -9823
-1275 -7362
6428 9698
-6735 5810
-8700 5112
4587 5124
4892 94
213 -1694
1219 4578
-7711 464
-1990 -6635
2000 756
-3700 -522
-7970 1793
-5193 2572
5230 -638
4519 -2820
-400 -560
-6668 -4085
-1270 -3737
-2616 -6931
-6939 -3718
-1269 -7720
-5304 4778
8062 -9035
-6675 9923
5701 126
8548 970
3744 8364
-9337 3722
3570 4297
7509 -9060
-1760 -6644
-4038 -859
-1691 1465
-2208 9330
-2361 8607
-8907 -94
-4457 987
670 -9101
-2478 -4057
5602 8002
6387 9511
-3864 -6847
625 -3795
-7896 -540
4680 -8116
6879 8616
6440 4284
3058 5642
414 -3987
-1201 -6235
-2737 -3730
3683 7772
-605 -9370
2113 1854
-8526 -8921
-5619 7626
117 -9434
-3050 642
-7694 -1706
8722 -2921
3439 -4113
-9093 -5300
743 7879
-6651 -3749
-7616 2129
4749 -8820
465 -220
-8468 4933
-12 -3080
9003 7305
3577 8032
-5603 9173
4401 1174
-6190 2209
637 3236
-1182 5755
-10000 -2100
5426 3319
-2213 8254
-831 374
9815 3080
5928 7485
-3909 -2476
1912 1452
8856 6478
7795 3000
5224 -2095
-5822 2963
-8511 -5546
-3215 -9602
-9304 -2169
-5231 -5943
99 -3002
-2740 8762
-1096 -4664
-7202 -821
1760 -7815
6727 -472
6330 5239
2596 -2924
8377 7826
8521 -629
4657 -8777
-8257 -8247
-8612 2213
-8495 -2699
8298 -708
4301 -1879
5570 3664
-5677 6490
-597 -3486
-8488 -8104
9040 1538
9120 -6118
2034 -4773
9318 8961
8736 -3191
600 1979
2874 9861
5802 3391
8848 -1826
-5158 -4258
8432 2943
-57 -9974
9223 636
-7040 9284
-7005 5403
-3028 228
3868 -5429
7605 -4923
8739 -4963
5046 -8285
3206 -6715
6892 9068
3553 -4454
-3136 -634
9584 6080
-8833 -2525
-7201 3956
6456 2108
2099 113
-7460 1875
1343 -2343
-4773 7731
6657 -5942
-3590 -4393
3244 5416
717 5417
6273 -8634
-6308 9582
-1044 -5197
9263 2488
628 1812
-2229 9486
4322 3881
3253 -7010
-7712 -3521
8947 -5507
-2884 -3636
1754 1196
4867 -3751
6842 4606
2673 -8016
-1394 2326
-4334 -7173
5598 -7540
632 2519
-3266 3304
2103 9696
-3941 3798
-5212 1463
1074 3461
-4169 -8908
5398 -5114
-6262 -3529
6133 97
-6668 -12
-5778 4287
-9543 -2578
1410 -7419
-9222 4716
-1254 -6228
-8105 2126
-6157 237
-7910 -4170
-3260 -5686
5101 3773
-6668 -8450
9069 -3665
4992 1735
-6567 7117
7148 -5987
4410 2673
4838 -2466
2883 8147
-6028 -2457
8984 1971
5866 2603
-6795 8443
855 -4187
-8302 1335
8216 765
-2288 -7893
-9021 6866
2453 -5178
-1871 -8257
3941 -1156
-4481 -5054
9059 4988
-1444 3223
-8447 -2851
-8256 1060
7615 -2247
3127 -5076
-8198 -3295
-664 2882
5074 -6076
-8340 9991
5658 -1885
6164 3485
2671 2455
-496 2815
2678 2694
9674 5734
8885 2119
6140 7490
-6680 -872
375 6850
-4897 3843
-5507 -1294
-4234 6038
-8330 -1896
4723 -1200
-7831 -6228
2335 3869
-6796 -4663
-1512 2524
9695 -1241
9753 2000
-9617 1149
-880 -9245
3858 -1388
-8031 1397
-7800 -6846
1569 3079
-4830 9241
5673 4059
-9968 6199
8846 -8866
-8716 6586
7560 7833
1086 2611
-9100 -7059
-7356 5268
-2776 -9932
-1374 -6855
-183 9426
-50 4740
8902 8422
-4994 9186
1015 -5792
-662 -8987
-2092 -42
8622 5138
7588 -9041
7909 9662
-720 -4266
9075 9375
-5749 -1887
1704 2417
7795 -5863
976 -9631
-9072 7615
5883 1692
-4148 -8652
-2198 -95
6555 396
5057 4261
-8912 3084
1479 3226
-7638 8148
493 -4810
-334 -2372
3099 -2017
-7983 -49
9098 9027
1175 8287
-4322 -6339
5018 -701
4538 4443
6542 1157
8497 7102
3525 -8305
